Algorithm choice: 0
Test runtime: 2
Number of tasks: 4
Task data ([c,p] pairs):
10 500
10 500
10 500
10 500
START
STOP
TRACE 3,2,1,0,3,2,1,0,3,2,1,0,3,2,1,0,
PDATA 0.000251,2.000391,0.000196
TDATA 0,3,0,0,40,4,0.000795,43.824535,-0.095613
TDATA 1,3,0,0,40,4,0.001318,42.691895,-0.067297
TDATA 2,3,0,0,40,4,0.003882,43.304741,-0.082619
TDATA 3,3,0,0,40,4,0.002842,42.920300,-0.073007


Algorithm choice: 0
Test runtime: 2
Number of tasks: 2
Task data ([c,p] pairs):
30 40 
20 80
START
MISSED 1
MISSED 1
MISSED 1
MISSED 1
MISSED 1
MISSED 1
MISSED 1
MISSED 1
MISSED 1
MISSED 1
MISSED 1
MISSED 1
MISSED 1
MISSED 1
MISSED 1
MISSED 1
MISSED 1
MISSED 1
MISSED 1
MISSED 1
MISSED 1
MISSED 1
MISSED 1
MISSED 1
STOP
TRACE 0,1,0,1,0,1,1,0,1,0,1,1,0,1,0,1,1,0,1,0,1,1,0,1,0,1,1,0,1,0,1,1,0,1,0,1,1,0,1,0,1,1,0,1,0,1,1,0,1,0,1,1,0,1,0,1,1,0,1,0,1,1,0,1,0,1,1,0,1,0,1,1,0,1,0,1,1,0,1,0,1,1,0,1,0,1,1,0,1,0,1,1,0,1,0,1,1,0,1,0,1,1,0,1,0,1,1,0,1,0,1,1,0,1,0,1,1,0,1,0,1,1,0,1,
PDATA 0.000199,2.000177,0.000089
TDATA 0,49,0,0,1500,50,0.000530,1612.019287,-0.074680
TDATA 1,24,24,299000000,224,11,0.002799,308.919098,-0.379103




Algorithm choice: 0
Test runtime: 2
Number of tasks: 2
Task data ([c,p] pairs):
20 40
20 80
START
STOP
TRACE 0,1,0,1,0,1,0,1,0,1,0,1,0,1,0,1,0,1,0,1,0,1,0,1,0,1,0,1,0,1,0,1,0,1,0,1,0,1,0,1,0,1,0,1,0,1,0,1,0,1,0,1,0,1,0,1,0,1,0,1,0,1,0,1,0,1,0,1,0,1,0,1,0,1,0,1,0,1,0,1,0,1,0,1,0,1,0,1,0,1,0,1,0,1,0,1,0,1,0,1,
PDATA 0.000167,2.000042,0.000021
TDATA 0,49,0,0,1000,50,0.000685,1081.346924,-0.081347
TDATA 1,24,0,0,500,25,0.001211,553.295898,-0.106592




Algorithm choice: 0
Test runtime: 2
Number of tasks: 3
Task data ([c,p] pairs):
45 135
50 150
80 360
START
MISSED 2
MISSED 2
STOP
TRACE 0,1,2,0,1,2,0,1,2,2,2,0,1,2,0,2,1,2,0,2,2,2,1,2,0,2,1,0,1,2,2,1,0,1,2,2,1,0,1,2,2,0,1,2,0,1,2,0,1,2,2,0,1,2,2,0,2,1,
PDATA 0.000234,2.000096,0.000048
TDATA 0,14,0,0,675,15,0.000355,723.830200,-0.072341
TDATA 1,13,0,0,695,13,0.000389,746.176147,-0.073635
TDATA 2,5,2,44700000,458,5,0.000725,504.561493,-0.101663



Algorithm choice: 0
Test runtime: 2
Number of tasks: 3
Task data ([c,p] pairs):
10 40
2 50
70 200
START
STOP
TRACE 0,1,2,0,1,2,0,2,1,2,0,2,2,1,0,0,1,2,0,1,2,0,2,2,1,0,1,0,0,1,2,0,1,2,0,2,1,2,2,0,1,0,0,1,2,0,1,2,0,2,1,2,2,0,1,0,0,1,2,0,1,2,0,2,1,2,2,0,1,0,0,1,2,0,1,2,0,2,1,2,2,0,1,0,0,1,2,0,1,2,0,2,1,2,2,0,1,0,0,1,2,0,1,2,0,2,1,2,2,0,1,0,0,1,2,0,1,2,0,2,1,2,2,0,1,0,0,1,2,0,1,2,0,2,1,2,2,0,1,0,
PDATA 0.000207,2.000252,0.000126
TDATA 0,49,0,0,500,50,0.001167,545.561523,-0.091123
TDATA 1,39,0,0,80,40,0.004449,91.051605,-0.138145
TDATA 2,9,0,0,711,10,0.000665,779.299133,-0.096061




Algorithm choice: 0
Test runtime: 2
Number of tasks: 3
Task data ([c,p] pairs):
10 950
10 960
960 990
START
MISSED 2
MISSED 2
STOP
TRACE 0,1,2,0,1,2,2,2,0,2,1,2,2,
PDATA 0.000249,2.000190,0.000095
TDATA 0,2,0,0,30,3,0.003844,32.178436,-0.072615
TDATA 1,2,0,0,30,3,0.002274,32.005802,-0.066860
TDATA 2,2,2,226700000,1790,1,0.000089,1920.928833,-0.073145



Algorithm choice: 0
Test runtime: 2
Number of tasks: 3
Task data ([c,p] pairs):
15 30
25 30
25 30
START
MISSED 1
MISSED 1
MISSED 1
MISSED 1
MISSED 1
MISSED 1
MISSED 1
MISSED 1
MISSED 1
MISSED 1
MISSED 1
MISSED 1
MISSED 1
MISSED 1
MISSED 1
MISSED 1
MISSED 1
MISSED 1
MISSED 1
MISSED 1
MISSED 1
MISSED 1
MISSED 1
MISSED 1
MISSED 1
MISSED 1
MISSED 1
MISSED 1
MISSED 1
MISSED 1
MISSED 1
MISSED 1
MISSED 1
MISSED 1
MISSED 1
MISSED 1
MISSED 1
MISSED 1
MISSED 1
MISSED 1
MISSED 1
MISSED 1
MISSED 1
MISSED 1
MISSED 1
MISSED 1
MISSED 1
MISSED 1
MISSED 1
MISSED 1
MISSED 1
MISSED 1
MISSED 1
MISSED 1
MISSED 1
MISSED 1
MISSED 1
MISSED 1
MISSED 1
MISSED 1
MISSED 1
MISSED 1
MISSED 1
MISSED 1
MISSED 1
STOP
TRACE 2,1,2,1,1,2,1,1,2,1,1,2,1,1,2,1,1,2,1,1,2,1,1,2,1,1,2,1,1,2,1,1,2,1,1,2,1,1,2,1,1,2,1,1,2,1,1,2,1,1,2,1,1,2,1,1,2,1,1,2,1,1,2,1,1,2,1,1,2,1,1,2,1,1,2,1,1,2,1,1,2,1,1,2,1,1,2,1,1,2,1,1,2,1,1,2,1,1,2,1,1,2,1,1,2,1,1,2,1,1,2,1,1,2,1,1,2,1,1,2,1,1,2,1,1,2,1,1,2,1,1,2,1,1,2,1,1,2,1,1,2,1,1,2,1,1,2,1,1,2,1,1,2,1,1,2,1,1,2,1,1,2,1,1,2,1,1,2,1,1,2,1,1,2,1,1,2,1,1,2,1,1,2,1,1,2,1,1,2,1,1,2,1,1,2,1,1,2,
PDATA 0.000204,2.000069,0.000035
TDATA 0,0,0,0,0,0,-nan,0.000000,-nan
TDATA 1,65,65,887900000,114,4,0.009090,166.467102,-0.460238
TDATA 2,66,0,0,1667,66,0.000383,1784.073730,-0.070230



Algorithm choice: 0
Test runtime: 2
Number of tasks: 3
Task data ([c,p] pairs):
45 200
90 400
135 600
START
STOP
TRACE 0,1,2,0,2,0,1,0,2,0,1,0,0,1,2,0,2,0,1,0,2,
PDATA 0.000250,2.000340,0.000170
TDATA 0,9,0,0,450,10,0.000655,482.152649,-0.071450
TDATA 1,4,0,0,450,5,0.000318,482.330811,-0.071846
TDATA 2,3,0,0,540,4,0.000135,581.521606,-0.076892




Algorithm choice: 0
Test runtime: 2
Number of tasks: 3
Task data ([c,p] pairs):
24 100
48 200
96 400
START
STOP
TRACE 0,1,2,0,2,0,1,2,2,0,0,1,2,0,2,0,1,0,0,1,2,0,2,0,1,2,2,0,0,1,2,0,2,0,1,2,2,0,0,1,2,0,2,0,1,2,2,0,
PDATA 0.000229,2.000332,0.000166
TDATA 0,19,0,0,480,20,0.000839,516.450928,-0.075939
TDATA 1,9,0,0,480,10,0.000305,518.036621,-0.079243
TDATA 2,4,0,0,490,5,0.000449,553.343018,-0.129271



Algorithm choice: 0
Test runtime: 2
Number of tasks: 3
Task data ([c,p] pairs):
50 200
100 400
25 100
START
STOP
TRACE 2,0,1,2,1,2,0,1,1,2,2,0,1,2,1,2,0,1,1,2,2,0,1,2,1,2,0,1,1,2,2,0,1,2,1,2,0,1,1,2,2,0,1,2,1,2,0,1,1,2,
PDATA 0.000235,2.000298,0.000149
TDATA 0,9,0,0,500,10,0.000241,531.799438,-0.063599
TDATA 1,4,0,0,505,5,0.000600,549.492126,-0.088103
TDATA 2,19,0,0,500,20,0.000800,531.292908,-0.062586


Algorithm choice: 0
Test runtime: 2
Number of tasks: 3
Task data ([c,p] pairs):
110 400
165 600
55 200
START
STOP
TRACE 2,0,1,2,1,2,0,1,1,2,1,2,0,1,2,1,1,2,0,1,2,1,2,0,2,1,
PDATA 0.000267,2.000608,0.000304
TDATA 0,4,0,0,550,5,0.000206,589.009827,-0.070927
TDATA 1,3,0,0,622,3,0.000263,679.011047,-0.091658
TDATA 2,9,0,0,550,10,0.000420,591.180420,-0.074873


Algorithm choice: 0
Test runtime: 2
Number of tasks: 3
Task data ([c,p] pairs):
120 400
60 200
180 600
START
MISSED 2
MISSED 2
STOP
TRACE 1,0,2,1,2,1,0,2,1,2,2,2,1,0,2,1,2,2,1,0,2,1,2,1,0,2,1,2,2,2,
PDATA 0.000255,2.000430,0.000215
TDATA 0,4,0,0,600,5,0.000232,641.882568,-0.069804
TDATA 1,9,0,0,600,10,0.000304,644.371277,-0.073952
TDATA 2,3,2,121400000,586,3,0.000373,691.875000,-0.180674




Algorithm choice: 0
Test runtime: 2
Number of tasks: 3
Task data ([c,p] pairs):
68 200
68 200
68 200
START
MISSED 0
MISSED 0
MISSED 0
MISSED 0
MISSED 0
MISSED 0
MISSED 0
MISSED 0
MISSED 0
STOP
TRACE 2,1,0,2,1,0,0,0,2,1,0,0,2,1,0,0,0,2,1,0,0,2,1,0,0,0,2,1,0,0,0,2,1,0,0,2,1,0,0,0,2,1,0,0,0,
PDATA 0.000244,2.000310,0.000155
TDATA 0,9,9,281700000,416,6,0.003105,518.778748,-0.247064
TDATA 1,9,0,0,680,10,0.000373,725.787354,-0.067334
TDATA 2,9,0,0,680,10,0.000320,727.495361,-0.069846


Algorithm choice: 0
Test runtime: 2
Number of tasks: 3
Task data ([c,p] pairs):
68 200
68 200
68 200
START
MISSED 0
MISSED 0
MISSED 0
MISSED 0
MISSED 0
MISSED 0
MISSED 0
MISSED 0
MISSED 0
STOP
TRACE 2,1,0,2,1,0,0,0,2,1,0,0,2,1,0,0,0,2,1,0,0,2,1,0,0,0,2,1,0,0,0,2,1,0,0,2,1,0,0,0,2,1,0,0,0,
PDATA 0.000244,2.000310,0.000155
TDATA 0,9,9,281700000,416,6,0.003105,518.778748,-0.247064
TDATA 1,9,0,0,680,10,0.000373,725.787354,-0.067334
TDATA 2,9,0,0,680,10,0.000320,727.495361,-0.069846


Algorithm choice: 0
Test runtime: 4
Number of tasks: 3
Task data ([c,p] pairs):
58 200
116 400
116 400
START
STOP
TRACE 0,2,1,0,1,0,2,1,0,1,0,2,1,0,1,0,2,1,0,1,0,2,1,0,1,0,2,1,0,1,0,2,1,0,1,0,2,1,0,1,0,2,1,0,1,0,2,1,0,1,
PDATA 0.000239,3.999743,-0.000064
TDATA 0,19,0,0,1160,20,0.000303,1236.802368,-0.066209
TDATA 1,9,0,0,1154,9,0.000279,1276.743652,-0.106364
TDATA 2,9,0,0,1160,10,0.000103,1234.368042,-0.064110



Algorithm choice: 0
Test runtime: 4
Number of tasks: 8
Task data ([c,p] pairs):
10 100
10 100
20 200
20 200
30 300
30 300
40 400
40 400
START
STOP
TRACE 1,0,3,2,5,1,0,5,5,4,4,4,1,0,3,2,5,5,1,0,5,5,5,5,1,0,3,2,5,5,1,0,5,5,5,1,0,3,2,5,5,5,1,0,5,5,5,5,1,0,3,2,5,5,1,0,5,5,5,5,1,0,3,2,5,5,1,0,5,5,5,1,0,3,2,5,5,5,1,0,5,5,5,5,1,0,3,2,5,5,1,0,5,5,5,5,1,0,3,2,5,5,1,0,5,5,5,5,1,0,3,2,5,5,5,1,0,5,5,5,1,0,3,2,5,5,1,0,5,5,5,5,1,0,3,2,5,5,1,0,5,5,5,5,1,0,3,2,5,5,5,1,0,5,5,5,1,0,3,2,5,5,1,0,5,5,5,5,1,0,3,2,5,5,1,0,5,5,5,5,1,0,3,2,5,5,5,1,0,5,5,5,1,0,3,2,5,5,1,0,5,5,5,5,5,1,0,3,2,5,5,1,0,5,5,5,1,0,3,2,5,5,5,1,0,5,5,5,1,0,3,2,5,5,1,0,5,5,5,5,5,
PDATA 0.000438,3.999796,-0.000051
TDATA 0,39,0,0,400,40,0.001028,437.145294,-0.092863
TDATA 1,39,0,0,400,40,0.001026,436.757446,-0.091894
TDATA 2,19,0,0,400,20,0.000531,429.787018,-0.074468
TDATA 3,19,0,0,400,20,0.000456,428.860748,-0.072152
TDATA 4,0,0,0,40,1,0.001076,43.398499,-0.084962
TDATA 5,13,0,0,1982,66,0.031905,2124.738770,-0.072018
TDATA 6,0,0,0,0,0,-nan,0.000000,-nan
TDATA 7,0,0,0,0,0,-nan,0.000000,-nan

