Algorithm choice: 2
Test runtime: 4
Number of tasks: 4
Task data ([c,p] pairs):
10 500
10 500
10 500
10 500
START
STOP
TRACE 0,1,2,3,0,1,2,3,0,1,2,3,0,1,2,3,0,1,2,3,0,1,2,3,0,1,2,3,0,1,2,3,
PDATA 0.000257,3.999796,-0.000051
TDATA 0,7,0,0,80,8,0.002861,86.061806,-0.075773
TDATA 1,7,0,0,80,8,0.002463,85.472557,-0.068407
TDATA 2,7,0,0,80,8,0.000900,86.466835,-0.080835
TDATA 3,7,0,0,80,8,0.001250,88.519958,-0.106499




Algorithm choice: 2
Test runtime: 4
Number of tasks: 2
Task data ([c,p] pairs):
30 40
20 80
START
MISSED 1
MISSED 1
MISSED 1
MISSED 1
MISSED 1
MISSED 1
MISSED 1
MISSED 1
MISSED 1
MISSED 1
MISSED 1
MISSED 1
MISSED 1
MISSED 1
MISSED 1
MISSED 1
MISSED 1
MISSED 1
MISSED 1
MISSED 1
MISSED 1
MISSED 1
MISSED 1
MISSED 1
MISSED 1
MISSED 1
MISSED 1
MISSED 1
MISSED 1
MISSED 1
MISSED 1
MISSED 1
MISSED 1
MISSED 1
MISSED 1
MISSED 1
MISSED 1
MISSED 1
MISSED 1
MISSED 1
MISSED 1
MISSED 1
MISSED 1
MISSED 1
MISSED 1
MISSED 1
MISSED 1
MISSED 1
MISSED 1
STOP
TRACE 0,1,0,1,0,1,1,0,1,0,1,1,0,1,0,1,1,0,1,0,1,1,0,1,0,1,1,0,1,0,1,1,0,1,0,1,1,0,1,0,1,1,0,1,0,1,1,0,1,0,1,1,0,1,0,1,1,0,1,0,1,1,0,1,0,1,1,0,1,0,1,1,0,1,0,1,1,0,1,0,1,1,0,1,0,1,1,0,1,0,1,1,0,1,0,1,1,0,1,0,1,1,0,1,0,1,1,0,1,0,1,1,0,1,0,1,1,0,1,0,1,1,0,1,0,1,1,0,1,0,1,1,0,1,0,1,1,0,1,0,1,1,0,1,0,1,1,0,1,0,1,1,0,1,0,1,1,0,1,0,1,1,0,1,0,1,1,0,1,0,1,1,0,1,0,1,1,0,1,0,1,1,0,1,0,1,1,0,1,0,1,1,0,1,0,1,1,0,1,0,1,1,0,1,0,1,1,0,1,0,1,1,0,1,0,1,1,0,1,0,1,1,0,1,0,1,1,0,1,0,1,1,0,1,0,1,1,0,1,0,1,1,0,1,0,1,1,0,1,
PDATA 0.000190,3.999523,-0.000119
TDATA 0,99,0,0,3000,100,0.000743,3209.494385,-0.069831
TDATA 1,49,49,616900000,460,23,0.054949,626.079895,-0.361043



Algorithm choice: 2
Test runtime: 4
Number of tasks: 2
Task data ([c,p] pairs):
20 40
20 80
START
STOP
TRACE 0,1,0,1,0,1,0,1,0,1,0,1,0,1,0,1,0,1,0,1,0,1,0,1,0,1,0,1,0,1,0,1,0,1,0,1,0,1,0,1,0,1,0,1,0,1,0,1,0,1,0,1,0,1,0,1,0,1,0,1,0,1,0,1,0,1,0,1,0,1,0,1,0,1,0,1,0,1,0,1,0,1,0,1,0,1,0,1,0,1,0,1,0,1,0,1,0,1,0,1,0,1,0,1,0,1,0,1,0,1,0,1,0,1,0,1,0,1,0,1,0,1,0,1,0,1,0,1,0,1,0,1,0,1,0,1,0,1,0,1,0,1,0,1,0,1,0,1,0,1,0,1,0,1,0,1,0,1,0,1,0,1,0,1,0,1,0,1,0,1,0,1,0,1,0,1,0,1,0,1,0,1,0,1,0,1,0,1,0,1,0,1,0,1,0,1,0,1,0,1,
PDATA 0.000159,3.999288,-0.000178
TDATA 0,99,0,0,2000,100,0.000576,2150.571533,-0.075286
TDATA 1,49,0,0,1000,50,0.000937,1141.046631,-0.141047



Algorithm choice: 2
Test runtime: 4
Number of tasks: 3
Task data ([c,p] pairs):
45 135
50 150
80 360
START
MISSED 2
MISSED 2
MISSED 2
MISSED 2
STOP
TRACE 0,1,2,0,1,2,0,1,2,2,2,0,1,2,0,2,1,2,0,2,2,2,1,2,0,2,1,0,1,2,2,1,0,1,2,2,1,0,1,2,2,0,1,2,0,1,2,0,1,2,2,0,1,2,2,0,2,1,2,0,2,1,0,2,1,0,1,2,2,1,0,1,2,1,0,1,2,0,1,2,2,0,1,2,2,0,1,2,0,1,2,0,2,2,2,1,2,0,2,1,2,0,2,1,0,1,2,2,2,1,0,1,2,1,0,1,
PDATA 0.000226,3.999470,-0.000133
TDATA 0,29,0,0,1350,30,0.000270,1449.377808,-0.073613
TDATA 1,26,0,0,1346,26,0.000330,1443.331787,-0.072312
TDATA 2,10,4,55400000,859,10,0.103222,1007.490417,-0.172864




Algorithm choice: 2
Test runtime: 4
Number of tasks: 3
Task data ([c,p] pairs):
10 40
2 50
70 200
START
STOP
TRACE 0,1,2,0,1,2,0,2,1,2,0,2,2,1,0,0,1,2,0,1,2,0,2,2,1,0,1,0,0,1,2,0,1,2,0,2,1,2,2,0,1,0,0,1,2,0,1,2,0,2,1,2,0,2,2,1,0,0,1,2,0,1,2,0,2,1,2,2,0,1,0,0,1,2,0,1,2,0,2,1,2,2,0,1,0,0,1,2,0,1,2,0,2,1,2,2,0,1,0,0,1,2,0,1,2,0,2,1,2,2,0,1,0,0,1,2,0,1,2,0,2,1,2,2,0,1,0,0,1,2,0,1,2,0,2,1,2,2,0,1,0,0,1,2,0,1,2,0,2,1,2,2,0,1,0,0,1,2,0,1,2,0,2,1,2,2,0,1,0,0,1,2,0,1,2,0,2,1,2,2,0,1,0,0,1,2,0,1,2,0,2,1,2,2,0,1,0,0,1,2,0,1,2,0,2,1,2,2,0,1,0,0,1,2,0,1,2,0,2,1,2,2,0,1,0,0,1,2,0,1,2,0,2,1,2,2,0,1,0,0,1,2,0,1,2,0,2,1,2,2,0,1,0,0,1,2,0,1,2,0,2,1,2,2,0,1,0,0,1,2,0,1,2,0,2,1,2,2,0,1,0,
PDATA 0.000198,3.999350,-0.000163
TDATA 0,99,0,0,1000,100,0.001297,1084.411743,-0.084412
TDATA 1,79,0,0,160,80,0.003801,184.044861,-0.150280
TDATA 2,19,0,0,1408,20,0.000535,1571.057373,-0.115808





Algorithm choice: 2
Test runtime: 4
Number of tasks: 3
Task data ([c,p] pairs):
10 950
10 960
960 990
START
MISSED 2
MISSED 2
MISSED 2
MISSED 2
STOP
TRACE 0,1,2,0,1,2,2,2,0,2,1,2,2,0,2,1,2,2,0,2,1,2,2,
PDATA 0.000253,3.999573,-0.000107
TDATA 0,4,0,0,50,5,0.003913,54.168335,-0.083367
TDATA 1,4,0,0,50,5,0.001450,53.912910,-0.078258
TDATA 2,4,4,1113700000,2880,3,0.000082,3131.818359,-0.087437



Algorithm choice: 2
Test runtime: 4
Number of tasks: 3
Task data ([c,p] pairs):
15 30
25 30
25 30
START
MISSED 1
MISSED 1
MISSED 2
MISSED 2
MISSED 1
MISSED 1
MISSED 1
MISSED 1
MISSED 2
MISSED 2
MISSED 2
MISSED 2
MISSED 1
MISSED 1
MISSED 1
MISSED 1
MISSED 1
MISSED 1
MISSED 1
MISSED 1
MISSED 1
MISSED 1
MISSED 1
MISSED 1
MISSED 1
MISSED 1
MISSED 2
MISSED 2
MISSED 2
MISSED 2
MISSED 2
MISSED 2
MISSED 2
MISSED 2
MISSED 2
MISSED 2
MISSED 2
MISSED 2
MISSED 2
MISSED 2
MISSED 1
MISSED 1
MISSED 1
MISSED 1
MISSED 1
MISSED 1
MISSED 1
MISSED 1
MISSED 1
MISSED 1
MISSED 1
MISSED 1
MISSED 1
MISSED 1
MISSED 1
MISSED 1
MISSED 1
MISSED 1
MISSED 1
MISSED 1
MISSED 1
MISSED 1
MISSED 1
MISSED 1
MISSED 1
MISSED 1
MISSED 1
MISSED 1
MISSED 1
MISSED 1
MISSED 1
MISSED 2
MISSED 2
MISSED 1
MISSED 1
MISSED 1
MISSED 1
MISSED 1
MISSED 2MISSED MISSED MISSED MISSED MISSED MISSED MISSED MISSED MISSED MISSED MISSED MISSED MISSED MISSED MISSED MISSED MISSED MISSED MISSED MISSED MISSED MISSED MISSED MISSED MISSED MISSED MISSED 2
MISSED 2

2
2
MISSED 2
MISSED 2
MISSED 2
MISSED 2
MISSED 2
2
2
2
2
2
2
2
2
2
2
2
2
2
2
2
2
2
2
2
2
2
2
2
2
MISSED 1
MISSED 1
MISSED 1
MISSED 1
MISSED 1
MISSED 1
MISSED 1
MISSED 1
MISSED 1
MISSED 1
MISSED 1
MISSED 1
MISSED 1
MISSED 1
MISSED 1
MISSED 1
MISSED 1
MISSED 1
MISSED 1
MISSED 1
MISSED 1
MISSED 1
MISSED 1
MISSED 1
MISSED 1
MISSED 1
MISSED 1
MISSED 1
MISSED 1
MISSED 1
MISSED 1
MISSED 1
MISSED 1
MISSED 1
MISSED 1
MISSED 1
MISSED 1
MISSED 1
MISSED 1
MISSED 1
MISSED 1
MISSED 1
MISSED 1
MISSED 1
MISSED 1
MISSED 1
MISSED 1
MISSED 1
MISSED 1
MISSED 1
MISSED 1
MISSED 1
MISSED 1
MISSED 1
MISSED 1
MISSED 1
MISSED 1
MISSED 1
MISSED 1
MISSED 1
MISSED 1
MISSED 1
MISSED 1
MISSED 1
MISSED 1
MISSED 1
MISSED 1
MISSED 1
MISSED 1
MISSED 1
MISSED 1
MISSED 1
MISSED 1
MISSED 1
MISSED 1
MISSED 1
STOP
TRACE 0,1,0,1,1,0,1,1,2,2,1,0,1,1,0,1,1,1,0,1,1,0,1,1,2,0,1,1,0,1,1,0,1,1,1,0,1,1,0,1,1,1,0,1,1,0,1,1,1,0,1,1,0,1,1,1,0,1,1,0,1,1,0,1,1,0,1,1,0,1,1,2,1,0,1,1,0,1,1,1,0,1,1,0,1,1,0,1,1,1,0,1,1,0,1,1,1,0,1,1,0,1,1,1,0,1,1,0,1,1,1,0,1,1,0,1,1,0,1,1,1,0,1,1,0,1,1,1,0,1,1,0,1,1,1,0,1,1,0,1,1,1,0,1,1,0,1,1,1,0,1,1,0,1,1,1,0,1,1,0,1,1,1,0,1,1,0,1,1,0,1,1,1,0,1,1,0,1,1,2,0,1,1,0,1,1,0,1,1,1,0,1,1,0,1,1,2,0,1,1,0,1,1,0,1,1,1,0,1,1,0,1,1,1,0,1,1,0,1,1,1,0,1,1,0,1,1,1,0,1,1,0,1,1,0,1,1,0,1,1,0,1,1,1,0,1,1,0,1,1,1,0,1,1,0,1,1,1,0,1,1,0,1,1,1,0,1,1,0,1,1,1,0,1,1,0,1,1,0,1,1,0,1,1,0,1,1,1,0,1,1,0,1,1,1,0,1,1,0,1,1,1,0,1,1,0,1,1,1,0,1,1,0,1,1,1,0,1,1,0,1,1,0,1,1,1,0,1,1,0,1,1,1,0,1,1,0,1,1,1,0,1,1,0,1,1,1,0,1,1,0,1,1,1,0,1,1,0,1,1,1,0,1,1,0,1,1,0,1,1,1,0,1,1,0,1,1,1,0,1,1,0,1,1,1,0,1,1,0,1,1,1,0,1,1,0,1,1,1,0,1,1,0,1,1,1,0,1,1,0,1,1,0,1,1,1,0,1,1,0,1,1,1,0,1,1,0,1,1,1,0,1,1,0,1,1,1,0,1,1,0,1,1,1,0,1,1,0,1,1,1,0,1,1,0,1,1,0,
PDATA 0.000200,3.999364,-0.000159
TDATA 0,133,0,0,2003,133,0.000993,2162.947266,-0.079854
TDATA 1,132,132,1679700000,1499,59,0.011969,1695.567993,-0.131133
TDATA 2,56,56,1297500000,3,0,0.010878,13.518904,-3.506301




Algorithm choice: 2
Test runtime: 4
Number of tasks: 3
Task data ([c,p] pairs):
45 200
90 400
135 600
START
STOP
TRACE 0,1,2,0,2,0,1,0,2,0,1,0,0,1,2,0,2,0,1,0,2,0,1,0,0,1,2,0,2,0,1,0,2,0,1,0,0,1,2,0,2,
PDATA 0.000232,3.999695,-0.000076
TDATA 0,19,0,0,900,20,0.000420,965.843506,-0.073159
TDATA 1,9,0,0,900,10,0.000224,965.527832,-0.072809
TDATA 2,6,0,0,945,7,0.000177,1059.399414,-0.121058





Algorithm choice: 2
Test runtime: 4
Number of tasks: 3
Task data ([c,p] pairs):
24 100
48 200
96 400
START
STOP
TRACE 0,1,2,0,2,0,1,2,2,0,0,1,2,0,2,0,1,2,2,0,0,1,2,0,2,0,1,0,0,1,2,0,2,0,1,2,2,0,0,1,2,0,2,0,1,0,0,1,2,0,2,0,1,2,0,2,2,0,1,2,0,2,0,1,0,0,1,2,0,2,0,1,2,2,0,0,1,2,0,2,0,1,0,0,1,2,0,2,0,1,2,2,0,
PDATA 0.000223,3.999738,-0.000066
TDATA 0,39,0,0,960,40,0.000688,1029.415161,-0.072307
TDATA 1,19,0,0,960,20,0.000278,1028.201782,-0.071044
TDATA 2,9,0,0,967,10,0.000348,1111.810547,-0.149752



Algorithm choice: 2
Test runtime: 4
Number of tasks: 3
Task data ([c,p] pairs):
25 100
50 200
100 400
START
STOP
TRACE 0,1,2,0,2,0,1,2,0,2,2,0,1,2,0,2,0,1,0,0,1,2,0,2,0,1,2,2,0,0,1,2,0,2,0,1,2,2,0,0,1,2,0,2,0,1,2,0,2,2,0,1,2,0,2,0,1,2,2,0,0,1,2,0,2,0,1,2,2,0,0,1,2,0,2,0,1,2,2,0,0,1,2,0,2,0,1,2,2,0,0,1,2,0,2,0,1,2,2,0,
PDATA 0.000221,3.999730,-0.000067
TDATA 0,39,0,0,1000,40,0.000667,1069.761963,-0.069762
TDATA 1,19,0,0,1000,20,0.000220,1068.149658,-0.068150
TDATA 2,9,0,0,1011,10,0.000426,1157.036499,-0.144448




Algorithm choice: 2
Test runtime: 4
Number of tasks: 3
Task data ([c,p] pairs):
55 200
110 400
165 600
START
STOP
TRACE 0,1,2,0,2,0,1,2,2,0,2,0,1,2,0,2,2,0,1,2,0,2,0,1,0,2,0,1,2,0,2,2,0,1,2,0,2,0,1,0,2,0,1,2,0,2,2,0,1,2,0,2,
PDATA 0.000242,3.999690,-0.000077
TDATA 0,19,0,0,1100,20,0.000319,1171.605347,-0.065096
TDATA 1,9,0,0,1100,10,0.000230,1171.970947,-0.065428
TDATA 2,6,0,0,1155,7,0.000299,1309.020508,-0.133351



Algorithm choice: 2
Test runtime: 4
Number of tasks: 3
Task data ([c,p] pairs):
120 400
60 200
180 600
START
MISSED 2
MISSED 2
MISSED 2
MISSED 2
MISSED 2
STOP
TRACE 0,1,2,1,2,0,1,2,1,2,2,2,0,1,2,1,2,0,1,2,2,1,2,2,0,1,2,1,2,2,2,0,1,2,1,2,0,1,2,2,1,2,2,0,1,2,1,2,2,2,0,1,2,1,2,2,0,1,2,2,1,2,
PDATA 0.000245,3.999651,-0.000087
TDATA 0,9,0,0,1200,10,0.000130,1286.406982,-0.072006
TDATA 1,19,0,0,1200,20,0.000264,1287.098389,-0.072582
TDATA 2,6,5,228100000,1178,6,0.000375,1383.768921,-0.174677



Algorithm choice: 2
Test runtime: 4
Number of tasks: 3
Task data ([c,p] pairs):
68 200
68 200
68 200
START
MISSED 2
MISSED 2
MISSED 2
MISSED 2
MISSED 2
MISSED 2
MISSED 2
MISSED 2
MISSED 2
MISSED 2
MISSED 2
MISSED 2
MISSED 2
MISSED 2
MISSED 2
MISSED 2
MISSED 2
MISSED 2
MISSED 2
STOP
TRACE 0,1,2,0,1,2,2,2,0,1,2,2,2,0,1,2,2,0,1,2,2,2,0,1,2,2,0,1,2,2,2,0,1,2,2,0,1,2,2,2,0,1,2,2,0,1,2,2,0,1,2,2,2,0,1,2,2,2,0,1,2,2,0,1,2,2,2,0,1,2,2,2,0,1,2,2,0,1,2,2,2,0,1,2,2,2,0,1,2,2,
PDATA 0.000231,3.999669,-0.000083
TDATA 0,19,0,0,1360,20,0.000272,1462.530640,-0.075390
TDATA 1,19,0,0,1360,20,0.000257,1461.746582,-0.074814
TDATA 2,19,19,796700000,854,12,0.000758,1022.896240,-0.197771


Algorithm choice: 2
Test runtime: 4
Number of tasks: 3
Task data ([c,p] pairs):
58 200
116 400
116 400
START
MISSED 2
MISSED 2
STOP
TRACE 0,1,2,0,2,0,1,2,0,2,0,1,2,0,2,0,1,2,0,2,0,1,2,0,2,0,1,2,2,0,2,2,0,1,2,2,0,2,2,0,1,2,0,2,0,1,2,0,2,0,1,2,0,2,
PDATA 0.000246,3.999734,-0.000067
TDATA 0,19,0,0,1160,20,0.000351,1244.278442,-0.072654
TDATA 1,9,0,0,1160,10,0.000130,1244.387451,-0.072748
TDATA 2,9,2,34500000,1142,9,0.000286,1334.015991,-0.168140



Algorithm choice: 2
Test runtime: 4
Number of tasks: 8
Task data ([c,p] pairs):
10 100
10 100
20 200
20 200
30 300
30 300
40 400
40 400
START
STOP
TRACE 0,1,2,3,4,0,1,4,4,5,5,5,0,1,2,3,4,4,0,1,4,4,4,4,0,1,2,3,4,4,0,1,4,4,4,0,1,2,3,4,4,4,0,1,4,4,4,4,0,1,2,3,4,4,0,1,4,4,4,4,0,1,2,3,4,4,0,1,4,4,4,0,1,2,3,4,4,4,0,1,4,4,4,4,0,1,2,3,4,4,0,1,4,4,4,4,0,1,2,3,4,4,0,1,4,4,4,4,0,1,2,3,4,4,4,0,1,4,4,4,0,1,2,3,4,4,0,1,4,4,4,4,0,1,2,3,4,4,0,1,4,4,4,4,0,1,2,3,4,4,4,0,1,4,4,4,0,1,2,3,4,4,0,1,4,4,4,4,4,0,1,2,3,4,4,0,1,4,4,4,0,1,2,3,4,4,4,0,1,4,4,4,0,1,2,3,4,4,0,1,4,4,4,4,4,0,1,2,3,4,4,0,1,4,4,4,0,1,2,3,4,4,4,0,1,4,4,4,4,0,1,2,3,4,4,0,1,4,4,4,4,
PDATA 0.000385,3.999689,-0.000078
TDATA 0,39,0,0,400,40,0.001098,431.867035,-0.079668
TDATA 1,39,0,0,400,40,0.000852,436.736176,-0.091840
TDATA 2,19,0,0,400,20,0.000508,429.835419,-0.074589
TDATA 3,19,0,0,400,20,0.000535,429.086090,-0.072715
TDATA 4,13,0,0,1991,66,0.000415,2134.764648,-0.072207
TDATA 5,0,0,0,40,1,0.000925,43.727570,-0.093189
TDATA 6,0,0,0,0,0,-nan,0.000000,-nan
TDATA 7,0,0,0,0,0,-nan,0.000000,-nan

